#Nearest Neighbor Entropy Estimator. X~Beta(s+1,s+1)^d. Average over 500 tries
#d	s	k	N	sqMSE	slope	intercept
1	0.5	1	32	0.2379	-0.4809	0.2732
1	0.5	1	64	0.1867	-0.4809	0.2732
1	0.5	1	128	0.1258	-0.4809	0.2732
1	0.5	1	256	0.0964	-0.4809	0.2732
1	0.5	1	512	0.0616	-0.4809	0.2732
1	0.5	1	1024	0.0481	-0.4809	0.2732
1	0.5	1	2048	0.0332	-0.4809	0.2732
1	0.5	2	32	0.1771	-0.4960	-0.0141
1	0.5	2	64	0.1224	-0.4960	-0.0141
1	0.5	2	128	0.0873	-0.4960	-0.0141
1	0.5	2	256	0.0672	-0.4960	-0.0141
1	0.5	2	512	0.0438	-0.4960	-0.0141
1	0.5	2	1024	0.0323	-0.4960	-0.0141
1	0.5	2	2048	0.0219	-0.4960	-0.0141
1	0.5	3	32	0.1502	-0.5019	-0.1566
1	0.5	3	64	0.1046	-0.5019	-0.1566
1	0.5	3	128	0.0748	-0.5019	-0.1566
1	0.5	3	256	0.0533	-0.5019	-0.1566
1	0.5	3	512	0.0377	-0.5019	-0.1566
1	0.5	3	1024	0.0271	-0.5019	-0.1566
1	0.5	3	2048	0.0181	-0.5019	-0.1566
1	0.5	4	32	0.1337	-0.5218	-0.1906
1	0.5	4	64	0.0964	-0.5218	-0.1906
1	0.5	4	128	0.0655	-0.5218	-0.1906
1	0.5	4	256	0.0459	-0.5218	-0.1906
1	0.5	4	512	0.0323	-0.5218	-0.1906
1	0.5	4	1024	0.0210	-0.5218	-0.1906
1	0.5	4	2048	0.0160	-0.5218	-0.1906
1	0.5	5	32	0.1296	-0.5143	-0.3169
1	0.5	5	64	0.0858	-0.5143	-0.3169
1	0.5	5	128	0.0573	-0.5143	-0.3169
1	0.5	5	256	0.0407	-0.5143	-0.3169
1	0.5	5	512	0.0283	-0.5143	-0.3169
1	0.5	5	1024	0.0213	-0.5143	-0.3169
1	0.5	5	2048	0.0149	-0.5143	-0.3169
1	0.5	6	32	0.1304	-0.5355	-0.2386
1	0.5	6	64	0.0840	-0.5355	-0.2386
1	0.5	6	128	0.0576	-0.5355	-0.2386
1	0.5	6	256	0.0382	-0.5355	-0.2386
1	0.5	6	512	0.0273	-0.5355	-0.2386
1	0.5	6	1024	0.0193	-0.5355	-0.2386
1	0.5	6	2048	0.0139	-0.5355	-0.2386
1	0.5	7	32	0.1217	-0.5420	-0.2742
1	0.5	7	64	0.0771	-0.5420	-0.2742
1	0.5	7	128	0.0549	-0.5420	-0.2742
1	0.5	7	256	0.0367	-0.5420	-0.2742
1	0.5	7	512	0.0253	-0.5420	-0.2742
1	0.5	7	1024	0.0179	-0.5420	-0.2742
1	0.5	7	2048	0.0125	-0.5420	-0.2742
1	0.5	8	32	0.1249	-0.5586	-0.2263
1	0.5	8	64	0.0759	-0.5586	-0.2263
1	0.5	8	128	0.0510	-0.5586	-0.2263
1	0.5	8	256	0.0343	-0.5586	-0.2263
1	0.5	8	512	0.0233	-0.5586	-0.2263
1	0.5	8	1024	0.0175	-0.5586	-0.2263
1	0.5	8	2048	0.0116	-0.5586	-0.2263
1	0.5	9	32	0.1219	-0.5690	-0.1960
1	0.5	9	64	0.0749	-0.5690	-0.1960
1	0.5	9	128	0.0490	-0.5690	-0.1960
1	0.5	9	256	0.0342	-0.5690	-0.1960
1	0.5	9	512	0.0238	-0.5690	-0.1960
1	0.5	9	1024	0.0169	-0.5690	-0.1960
1	0.5	9	2048	0.0105	-0.5690	-0.1960
1	0.5	10	32	0.1310	-0.5771	-0.1685
1	0.5	10	64	0.0713	-0.5771	-0.1685
1	0.5	10	128	0.0474	-0.5771	-0.1685
1	0.5	10	256	0.0330	-0.5771	-0.1685
1	0.5	10	512	0.0235	-0.5771	-0.1685
1	0.5	10	1024	0.0147	-0.5771	-0.1685
1	0.5	10	2048	0.0113	-0.5771	-0.1685
1	1.0	1	32	0.2790	-0.5082	0.4636
1	1.0	1	64	0.1899	-0.5082	0.4636
1	1.0	1	128	0.1339	-0.5082	0.4636
1	1.0	1	256	0.0961	-0.5082	0.4636
1	1.0	1	512	0.0654	-0.5082	0.4636
1	1.0	1	1024	0.0455	-0.5082	0.4636
1	1.0	1	2048	0.0343	-0.5082	0.4636
1	1.0	2	32	0.1871	-0.4988	0.0737
1	1.0	2	64	0.1382	-0.4988	0.0737
1	1.0	2	128	0.0949	-0.4988	0.0737
1	1.0	2	256	0.0688	-0.4988	0.0737
1	1.0	2	512	0.0475	-0.4988	0.0737
1	1.0	2	1024	0.0346	-0.4988	0.0737
1	1.0	2	2048	0.0235	-0.4988	0.0737
1	1.0	3	32	0.1601	-0.5053	-0.1004
1	1.0	3	64	0.1081	-0.5053	-0.1004
1	1.0	3	128	0.0776	-0.5053	-0.1004
1	1.0	3	256	0.0557	-0.5053	-0.1004
1	1.0	3	512	0.0383	-0.5053	-0.1004
1	1.0	3	1024	0.0271	-0.5053	-0.1004
1	1.0	3	2048	0.0194	-0.5053	-0.1004
1	1.0	4	32	0.1262	-0.4748	-0.4178
1	1.0	4	64	0.0902	-0.4748	-0.4178
1	1.0	4	128	0.0650	-0.4748	-0.4178
1	1.0	4	256	0.0486	-0.4748	-0.4178
1	1.0	4	512	0.0361	-0.4748	-0.4178
1	1.0	4	1024	0.0234	-0.4748	-0.4178
1	1.0	4	2048	0.0175	-0.4748	-0.4178
1	1.0	5	32	0.1383	-0.5278	-0.1692
1	1.0	5	64	0.0913	-0.5278	-0.1692
1	1.0	5	128	0.0657	-0.5278	-0.1692
1	1.0	5	256	0.0434	-0.5278	-0.1692
1	1.0	5	512	0.0333	-0.5278	-0.1692
1	1.0	5	1024	0.0217	-0.5278	-0.1692
1	1.0	5	2048	0.0149	-0.5278	-0.1692
1	1.0	6	32	0.1318	-0.5304	-0.1970
1	1.0	6	64	0.0919	-0.5304	-0.1970
1	1.0	6	128	0.0602	-0.5304	-0.1970
1	1.0	6	256	0.0442	-0.5304	-0.1970
1	1.0	6	512	0.0293	-0.5304	-0.1970
1	1.0	6	1024	0.0213	-0.5304	-0.1970
1	1.0	6	2048	0.0144	-0.5304	-0.1970
1	1.0	7	32	0.1248	-0.5280	-0.2620
1	1.0	7	64	0.0812	-0.5280	-0.2620
1	1.0	7	128	0.0615	-0.5280	-0.2620
1	1.0	7	256	0.0427	-0.5280	-0.2620
1	1.0	7	512	0.0282	-0.5280	-0.2620
1	1.0	7	1024	0.0194	-0.5280	-0.2620
1	1.0	7	2048	0.0138	-0.5280	-0.2620
1	1.0	8	32	0.1307	-0.5372	-0.2584
1	1.0	8	64	0.0788	-0.5372	-0.2584
1	1.0	8	128	0.0538	-0.5372	-0.2584
1	1.0	8	256	0.0384	-0.5372	-0.2584
1	1.0	8	512	0.0276	-0.5372	-0.2584
1	1.0	8	1024	0.0185	-0.5372	-0.2584
1	1.0	8	2048	0.0133	-0.5372	-0.2584
1	1.0	9	32	0.1186	-0.5255	-0.3502
1	1.0	9	64	0.0769	-0.5255	-0.3502
1	1.0	9	128	0.0543	-0.5255	-0.3502
1	1.0	9	256	0.0377	-0.5255	-0.3502
1	1.0	9	512	0.0266	-0.5255	-0.3502
1	1.0	9	1024	0.0185	-0.5255	-0.3502
1	1.0	9	2048	0.0130	-0.5255	-0.3502
1	1.0	10	32	0.1261	-0.5546	-0.1872
1	1.0	10	64	0.0836	-0.5546	-0.1872
1	1.0	10	128	0.0568	-0.5546	-0.1872
1	1.0	10	256	0.0354	-0.5546	-0.1872
1	1.0	10	512	0.0245	-0.5546	-0.1872
1	1.0	10	1024	0.0185	-0.5546	-0.1872
1	1.0	10	2048	0.0126	-0.5546	-0.1872
1	1.5	1	32	0.2649	-0.5021	0.4347
1	1.5	1	64	0.1987	-0.5021	0.4347
1	1.5	1	128	0.1310	-0.5021	0.4347
1	1.5	1	256	0.0987	-0.5021	0.4347
1	1.5	1	512	0.0685	-0.5021	0.4347
1	1.5	1	1024	0.0451	-0.5021	0.4347
1	1.5	1	2048	0.0343	-0.5021	0.4347
1	1.5	2	32	0.1975	-0.5055	0.1013
1	1.5	2	64	0.1326	-0.5055	0.1013
1	1.5	2	128	0.0982	-0.5055	0.1013
1	1.5	2	256	0.0626	-0.5055	0.1013
1	1.5	2	512	0.0476	-0.5055	0.1013
1	1.5	2	1024	0.0333	-0.5055	0.1013
1	1.5	2	2048	0.0240	-0.5055	0.1013
1	1.5	3	32	0.1643	-0.5162	-0.0119
1	1.5	3	64	0.1159	-0.5162	-0.0119
1	1.5	3	128	0.0838	-0.5162	-0.0119
1	1.5	3	256	0.0543	-0.5162	-0.0119
1	1.5	3	512	0.0386	-0.5162	-0.0119
1	1.5	3	1024	0.0284	-0.5162	-0.0119
1	1.5	3	2048	0.0193	-0.5162	-0.0119
1	1.5	4	32	0.1401	-0.4957	-0.2418
1	1.5	4	64	0.0994	-0.4957	-0.2418
1	1.5	4	128	0.0723	-0.4957	-0.2418
1	1.5	4	256	0.0499	-0.4957	-0.2418
1	1.5	4	512	0.0358	-0.4957	-0.2418
1	1.5	4	1024	0.0252	-0.4957	-0.2418
1	1.5	4	2048	0.0179	-0.4957	-0.2418
1	1.5	5	32	0.1396	-0.5155	-0.1849
1	1.5	5	64	0.0935	-0.5155	-0.1849
1	1.5	5	128	0.0706	-0.5155	-0.1849
1	1.5	5	256	0.0477	-0.5155	-0.1849
1	1.5	5	512	0.0337	-0.5155	-0.1849
1	1.5	5	1024	0.0239	-0.5155	-0.1849
1	1.5	5	2048	0.0158	-0.5155	-0.1849
1	1.5	6	32	0.1346	-0.5163	-0.2221
1	1.5	6	64	0.0920	-0.5163	-0.2221
1	1.5	6	128	0.0647	-0.5163	-0.2221
1	1.5	6	256	0.0465	-0.5163	-0.2221
1	1.5	6	512	0.0323	-0.5163	-0.2221
1	1.5	6	1024	0.0228	-0.5163	-0.2221
1	1.5	6	2048	0.0153	-0.5163	-0.2221
1	1.5	7	32	0.1322	-0.5231	-0.2467
1	1.5	7	64	0.0878	-0.5231	-0.2467
1	1.5	7	128	0.0603	-0.5231	-0.2467
1	1.5	7	256	0.0425	-0.5231	-0.2467
1	1.5	7	512	0.0295	-0.5231	-0.2467
1	1.5	7	1024	0.0206	-0.5231	-0.2467
1	1.5	7	2048	0.0150	-0.5231	-0.2467
1	1.5	8	32	0.1233	-0.5168	-0.2952
1	1.5	8	64	0.0898	-0.5168	-0.2952
1	1.5	8	128	0.0590	-0.5168	-0.2952
1	1.5	8	256	0.0425	-0.5168	-0.2952
1	1.5	8	512	0.0295	-0.5168	-0.2952
1	1.5	8	1024	0.0202	-0.5168	-0.2952
1	1.5	8	2048	0.0148	-0.5168	-0.2952
1	1.5	9	32	0.1275	-0.5309	-0.2499
1	1.5	9	64	0.0830	-0.5309	-0.2499
1	1.5	9	128	0.0605	-0.5309	-0.2499
1	1.5	9	256	0.0398	-0.5309	-0.2499
1	1.5	9	512	0.0279	-0.5309	-0.2499
1	1.5	9	1024	0.0198	-0.5309	-0.2499
1	1.5	9	2048	0.0138	-0.5309	-0.2499
1	1.5	10	32	0.1188	-0.5347	-0.2436
1	1.5	10	64	0.0889	-0.5347	-0.2436
1	1.5	10	128	0.0571	-0.5347	-0.2436
1	1.5	10	256	0.0402	-0.5347	-0.2436
1	1.5	10	512	0.0288	-0.5347	-0.2436
1	1.5	10	1024	0.0195	-0.5347	-0.2436
1	1.5	10	2048	0.0129	-0.5347	-0.2436
1	2.0	1	32	0.2692	-0.4912	0.3939
1	2.0	1	64	0.1919	-0.4912	0.3939
1	2.0	1	128	0.1435	-0.4912	0.3939
1	2.0	1	256	0.0930	-0.4912	0.3939
1	2.0	1	512	0.0680	-0.4912	0.3939
1	2.0	1	1024	0.0498	-0.4912	0.3939
1	2.0	1	2048	0.0354	-0.4912	0.3939
1	2.0	2	32	0.1976	-0.5125	0.1525
1	2.0	2	64	0.1368	-0.5125	0.1525
1	2.0	2	128	0.1010	-0.5125	0.1525
1	2.0	2	256	0.0650	-0.5125	0.1525
1	2.0	2	512	0.0468	-0.5125	0.1525
1	2.0	2	1024	0.0346	-0.5125	0.1525
1	2.0	2	2048	0.0232	-0.5125	0.1525
1	2.0	3	32	0.1649	-0.5035	-0.0417
1	2.0	3	64	0.1211	-0.5035	-0.0417
1	2.0	3	128	0.0839	-0.5035	-0.0417
1	2.0	3	256	0.0611	-0.5035	-0.0417
1	2.0	3	512	0.0382	-0.5035	-0.0417
1	2.0	3	1024	0.0293	-0.5035	-0.0417
1	2.0	3	2048	0.0212	-0.5035	-0.0417
1	2.0	4	32	0.1536	-0.5024	-0.1254
1	2.0	4	64	0.1071	-0.5024	-0.1254
1	2.0	4	128	0.0776	-0.5024	-0.1254
1	2.0	4	256	0.0548	-0.5024	-0.1254
1	2.0	4	512	0.0396	-0.5024	-0.1254
1	2.0	4	1024	0.0278	-0.5024	-0.1254
1	2.0	4	2048	0.0183	-0.5024	-0.1254
1	2.0	5	32	0.1417	-0.5083	-0.1862
1	2.0	5	64	0.1003	-0.5083	-0.1862
1	2.0	5	128	0.0743	-0.5083	-0.1862
1	2.0	5	256	0.0471	-0.5083	-0.1862
1	2.0	5	512	0.0350	-0.5083	-0.1862
1	2.0	5	1024	0.0236	-0.5083	-0.1862
1	2.0	5	2048	0.0178	-0.5083	-0.1862
1	2.0	6	32	0.1424	-0.5081	-0.2475
1	2.0	6	64	0.0918	-0.5081	-0.2475
1	2.0	6	128	0.0624	-0.5081	-0.2475
1	2.0	6	256	0.0470	-0.5081	-0.2475
1	2.0	6	512	0.0329	-0.5081	-0.2475
1	2.0	6	1024	0.0230	-0.5081	-0.2475
1	2.0	6	2048	0.0166	-0.5081	-0.2475
1	2.0	7	32	0.1341	-0.5197	-0.1992
1	2.0	7	64	0.0956	-0.5197	-0.1992
1	2.0	7	128	0.0667	-0.5197	-0.1992
1	2.0	7	256	0.0462	-0.5197	-0.1992
1	2.0	7	512	0.0308	-0.5197	-0.1992
1	2.0	7	1024	0.0224	-0.5197	-0.1992
1	2.0	7	2048	0.0158	-0.5197	-0.1992
1	2.0	8	32	0.1257	-0.5048	-0.3109
1	2.0	8	64	0.0877	-0.5048	-0.3109
1	2.0	8	128	0.0650	-0.5048	-0.3109
1	2.0	8	256	0.0455	-0.5048	-0.3109
1	2.0	8	512	0.0321	-0.5048	-0.3109
1	2.0	8	1024	0.0219	-0.5048	-0.3109
1	2.0	8	2048	0.0153	-0.5048	-0.3109
1	2.0	9	32	0.1289	-0.5234	-0.2251
1	2.0	9	64	0.0938	-0.5234	-0.2251
1	2.0	9	128	0.0601	-0.5234	-0.2251
1	2.0	9	256	0.0456	-0.5234	-0.2251
1	2.0	9	512	0.0291	-0.5234	-0.2251
1	2.0	9	1024	0.0221	-0.5234	-0.2251
1	2.0	9	2048	0.0145	-0.5234	-0.2251
1	2.0	10	32	0.1323	-0.5352	-0.2027
1	2.0	10	64	0.0851	-0.5352	-0.2027
1	2.0	10	128	0.0613	-0.5352	-0.2027
1	2.0	10	256	0.0425	-0.5352	-0.2027
1	2.0	10	512	0.0276	-0.5352	-0.2027
1	2.0	10	1024	0.0200	-0.5352	-0.2027
1	2.0	10	2048	0.0142	-0.5352	-0.2027
2	0.5	1	32	0.2901	-0.5057	0.4940
2	0.5	1	64	0.1969	-0.5057	0.4940
2	0.5	1	128	0.1394	-0.5057	0.4940
2	0.5	1	256	0.0999	-0.5057	0.4940
2	0.5	1	512	0.0694	-0.5057	0.4940
2	0.5	1	1024	0.0486	-0.5057	0.4940
2	0.5	1	2048	0.0353	-0.5057	0.4940
2	0.5	2	32	0.2176	-0.5312	0.2791
2	0.5	2	64	0.1428	-0.5312	0.2791
2	0.5	2	128	0.0945	-0.5312	0.2791
2	0.5	2	256	0.0706	-0.5312	0.2791
2	0.5	2	512	0.0488	-0.5312	0.2791
2	0.5	2	1024	0.0343	-0.5312	0.2791
2	0.5	2	2048	0.0226	-0.5312	0.2791
2	0.5	3	32	0.1957	-0.5590	0.3080
2	0.5	3	64	0.1348	-0.5590	0.3080
2	0.5	3	128	0.0895	-0.5590	0.3080
2	0.5	3	256	0.0596	-0.5590	0.3080
2	0.5	3	512	0.0432	-0.5590	0.3080
2	0.5	3	1024	0.0280	-0.5590	0.3080
2	0.5	3	2048	0.0191	-0.5590	0.3080
2	0.5	4	32	0.1932	-0.5686	0.3153
2	0.5	4	64	0.1260	-0.5686	0.3153
2	0.5	4	128	0.0872	-0.5686	0.3153
2	0.5	4	256	0.0599	-0.5686	0.3153
2	0.5	4	512	0.0392	-0.5686	0.3153
2	0.5	4	1024	0.0259	-0.5686	0.3153
2	0.5	4	2048	0.0183	-0.5686	0.3153
2	0.5	5	32	0.1973	-0.5823	0.3496
2	0.5	5	64	0.1254	-0.5823	0.3496
2	0.5	5	128	0.0805	-0.5823	0.3496
2	0.5	5	256	0.0545	-0.5823	0.3496
2	0.5	5	512	0.0380	-0.5823	0.3496
2	0.5	5	1024	0.0245	-0.5823	0.3496
2	0.5	5	2048	0.0174	-0.5823	0.3496
2	0.5	6	32	0.2192	-0.6201	0.5969
2	0.5	6	64	0.1416	-0.6201	0.5969
2	0.5	6	128	0.0867	-0.6201	0.5969
2	0.5	6	256	0.0552	-0.6201	0.5969
2	0.5	6	512	0.0372	-0.6201	0.5969
2	0.5	6	1024	0.0247	-0.6201	0.5969
2	0.5	6	2048	0.0169	-0.6201	0.5969
2	0.5	7	32	0.2252	-0.6327	0.6469
2	0.5	7	64	0.1363	-0.6327	0.6469
2	0.5	7	128	0.0848	-0.6327	0.6469
2	0.5	7	256	0.0561	-0.6327	0.6469
2	0.5	7	512	0.0356	-0.6327	0.6469
2	0.5	7	1024	0.0243	-0.6327	0.6469
2	0.5	7	2048	0.0158	-0.6327	0.6469
2	0.5	8	32	0.2349	-0.6278	0.6533
2	0.5	8	64	0.1347	-0.6278	0.6533
2	0.5	8	128	0.0900	-0.6278	0.6533
2	0.5	8	256	0.0580	-0.6278	0.6533
2	0.5	8	512	0.0369	-0.6278	0.6533
2	0.5	8	1024	0.0244	-0.6278	0.6533
2	0.5	8	2048	0.0170	-0.6278	0.6533
2	0.5	9	32	0.2431	-0.6495	0.7917
2	0.5	9	64	0.1474	-0.6495	0.7917
2	0.5	9	128	0.0908	-0.6495	0.7917
2	0.5	9	256	0.0590	-0.6495	0.7917
2	0.5	9	512	0.0375	-0.6495	0.7917
2	0.5	9	1024	0.0251	-0.6495	0.7917
2	0.5	9	2048	0.0159	-0.6495	0.7917
2	0.5	10	32	0.2715	-0.6680	0.9533
2	0.5	10	64	0.1545	-0.6680	0.9533
2	0.5	10	128	0.1021	-0.6680	0.9533
2	0.5	10	256	0.0627	-0.6680	0.9533
2	0.5	10	512	0.0387	-0.6680	0.9533
2	0.5	10	1024	0.0245	-0.6680	0.9533
2	0.5	10	2048	0.0170	-0.6680	0.9533
2	1.0	1	32	0.2873	-0.4993	0.4719
2	1.0	1	64	0.1996	-0.4993	0.4719
2	1.0	1	128	0.1391	-0.4993	0.4719
2	1.0	1	256	0.0999	-0.4993	0.4719
2	1.0	1	512	0.0731	-0.4993	0.4719
2	1.0	1	1024	0.0516	-0.4993	0.4719
2	1.0	1	2048	0.0347	-0.4993	0.4719
2	1.0	2	32	0.2139	-0.5164	0.2266
2	1.0	2	64	0.1495	-0.5164	0.2266
2	1.0	2	128	0.1001	-0.5164	0.2266
2	1.0	2	256	0.0699	-0.5164	0.2266
2	1.0	2	512	0.0494	-0.5164	0.2266
2	1.0	2	1024	0.0338	-0.5164	0.2266
2	1.0	2	2048	0.0258	-0.5164	0.2266
2	1.0	3	32	0.1907	-0.5140	0.0781
2	1.0	3	64	0.1254	-0.5140	0.0781
2	1.0	3	128	0.0875	-0.5140	0.0781
2	1.0	3	256	0.0592	-0.5140	0.0781
2	1.0	3	512	0.0450	-0.5140	0.0781
2	1.0	3	1024	0.0306	-0.5140	0.0781
2	1.0	3	2048	0.0219	-0.5140	0.0781
2	1.0	4	32	0.1781	-0.5378	0.1251
2	1.0	4	64	0.1201	-0.5378	0.1251
2	1.0	4	128	0.0864	-0.5378	0.1251
2	1.0	4	256	0.0563	-0.5378	0.1251
2	1.0	4	512	0.0370	-0.5378	0.1251
2	1.0	4	1024	0.0277	-0.5378	0.1251
2	1.0	4	2048	0.0194	-0.5378	0.1251
2	1.0	5	32	0.1865	-0.5566	0.1841
2	1.0	5	64	0.1218	-0.5566	0.1841
2	1.0	5	128	0.0742	-0.5566	0.1841
2	1.0	5	256	0.0524	-0.5566	0.1841
2	1.0	5	512	0.0361	-0.5566	0.1841
2	1.0	5	1024	0.0261	-0.5566	0.1841
2	1.0	5	2048	0.0181	-0.5566	0.1841
2	1.0	6	32	0.1762	-0.5547	0.1536
2	1.0	6	64	0.1155	-0.5547	0.1536
2	1.0	6	128	0.0757	-0.5547	0.1536
2	1.0	6	256	0.0537	-0.5547	0.1536
2	1.0	6	512	0.0372	-0.5547	0.1536
2	1.0	6	1024	0.0242	-0.5547	0.1536
2	1.0	6	2048	0.0175	-0.5547	0.1536
2	1.0	7	32	0.1854	-0.5615	0.1809
2	1.0	7	64	0.1171	-0.5615	0.1809
2	1.0	7	128	0.0726	-0.5615	0.1809
2	1.0	7	256	0.0495	-0.5615	0.1809
2	1.0	7	512	0.0365	-0.5615	0.1809
2	1.0	7	1024	0.0242	-0.5615	0.1809
2	1.0	7	2048	0.0176	-0.5615	0.1809
2	1.0	8	32	0.1927	-0.5869	0.3134
2	1.0	8	64	0.1202	-0.5869	0.3134
2	1.0	8	128	0.0711	-0.5869	0.3134
2	1.0	8	256	0.0521	-0.5869	0.3134
2	1.0	8	512	0.0343	-0.5869	0.3134
2	1.0	8	1024	0.0244	-0.5869	0.3134
2	1.0	8	2048	0.0160	-0.5869	0.3134
2	1.0	9	32	0.2007	-0.6075	0.4209
2	1.0	9	64	0.1224	-0.6075	0.4209
2	1.0	9	128	0.0739	-0.6075	0.4209
2	1.0	9	256	0.0506	-0.6075	0.4209
2	1.0	9	512	0.0328	-0.6075	0.4209
2	1.0	9	1024	0.0231	-0.6075	0.4209
2	1.0	9	2048	0.0157	-0.6075	0.4209
2	1.0	10	32	0.2149	-0.6323	0.5761
2	1.0	10	64	0.1265	-0.6323	0.5761
2	1.0	10	128	0.0787	-0.6323	0.5761
2	1.0	10	256	0.0507	-0.6323	0.5761
2	1.0	10	512	0.0335	-0.6323	0.5761
2	1.0	10	1024	0.0223	-0.6323	0.5761
2	1.0	10	2048	0.0152	-0.6323	0.5761
2	1.5	1	32	0.2983	-0.5012	0.5078
2	1.5	1	64	0.1960	-0.5012	0.5078
2	1.5	1	128	0.1526	-0.5012	0.5078
2	1.5	1	256	0.1023	-0.5012	0.5078
2	1.5	1	512	0.0726	-0.5012	0.5078
2	1.5	1	1024	0.0515	-0.5012	0.5078
2	1.5	1	2048	0.0364	-0.5012	0.5078
2	1.5	2	32	0.2147	-0.5021	0.1921
2	1.5	2	64	0.1452	-0.5021	0.1921
2	1.5	2	128	0.1075	-0.5021	0.1921
2	1.5	2	256	0.0748	-0.5021	0.1921
2	1.5	2	512	0.0538	-0.5021	0.1921
2	1.5	2	1024	0.0383	-0.5021	0.1921
2	1.5	2	2048	0.0256	-0.5021	0.1921
2	1.5	3	32	0.1998	-0.5180	0.1654
2	1.5	3	64	0.1351	-0.5180	0.1654
2	1.5	3	128	0.0946	-0.5180	0.1654
2	1.5	3	256	0.0670	-0.5180	0.1654
2	1.5	3	512	0.0455	-0.5180	0.1654
2	1.5	3	1024	0.0332	-0.5180	0.1654
2	1.5	3	2048	0.0228	-0.5180	0.1654
2	1.5	4	32	0.1817	-0.5110	0.0648
2	1.5	4	64	0.1296	-0.5110	0.0648
2	1.5	4	128	0.0896	-0.5110	0.0648
2	1.5	4	256	0.0625	-0.5110	0.0648
2	1.5	4	512	0.0425	-0.5110	0.0648
2	1.5	4	1024	0.0303	-0.5110	0.0648
2	1.5	4	2048	0.0225	-0.5110	0.0648
2	1.5	5	32	0.1813	-0.5261	0.0743
2	1.5	5	64	0.1164	-0.5261	0.0743
2	1.5	5	128	0.0836	-0.5261	0.0743
2	1.5	5	256	0.0578	-0.5261	0.0743
2	1.5	5	512	0.0403	-0.5261	0.0743
2	1.5	5	1024	0.0277	-0.5261	0.0743
2	1.5	5	2048	0.0201	-0.5261	0.0743
2	1.5	6	32	0.1689	-0.5226	0.0370
2	1.5	6	64	0.1180	-0.5226	0.0370
2	1.5	6	128	0.0807	-0.5226	0.0370
2	1.5	6	256	0.0575	-0.5226	0.0370
2	1.5	6	512	0.0421	-0.5226	0.0370
2	1.5	6	1024	0.0270	-0.5226	0.0370
2	1.5	6	2048	0.0191	-0.5226	0.0370
2	1.5	7	32	0.1700	-0.5302	0.0361
2	1.5	7	64	0.1154	-0.5302	0.0361
2	1.5	7	128	0.0777	-0.5302	0.0361
2	1.5	7	256	0.0526	-0.5302	0.0361
2	1.5	7	512	0.0367	-0.5302	0.0361
2	1.5	7	1024	0.0271	-0.5302	0.0361
2	1.5	7	2048	0.0186	-0.5302	0.0361
2	1.5	8	32	0.1890	-0.5418	0.1230
2	1.5	8	64	0.1142	-0.5418	0.1230
2	1.5	8	128	0.0763	-0.5418	0.1230
2	1.5	8	256	0.0546	-0.5418	0.1230
2	1.5	8	512	0.0402	-0.5418	0.1230
2	1.5	8	1024	0.0246	-0.5418	0.1230
2	1.5	8	2048	0.0196	-0.5418	0.1230
2	1.5	9	32	0.1907	-0.5467	0.1332
2	1.5	9	64	0.1149	-0.5467	0.1332
2	1.5	9	128	0.0763	-0.5467	0.1332
2	1.5	9	256	0.0495	-0.5467	0.1332
2	1.5	9	512	0.0371	-0.5467	0.1332
2	1.5	9	1024	0.0275	-0.5467	0.1332
2	1.5	9	2048	0.0183	-0.5467	0.1332
2	1.5	10	32	0.1923	-0.5555	0.1948
2	1.5	10	64	0.1177	-0.5555	0.1948
2	1.5	10	128	0.0762	-0.5555	0.1948
2	1.5	10	256	0.0541	-0.5555	0.1948
2	1.5	10	512	0.0372	-0.5555	0.1948
2	1.5	10	1024	0.0274	-0.5555	0.1948
2	1.5	10	2048	0.0177	-0.5555	0.1948
2	2.0	1	32	0.2752	-0.4857	0.4099
2	2.0	1	64	0.2078	-0.4857	0.4099
2	2.0	1	128	0.1479	-0.4857	0.4099
2	2.0	1	256	0.0957	-0.4857	0.4099
2	2.0	1	512	0.0715	-0.4857	0.4099
2	2.0	1	1024	0.0514	-0.4857	0.4099
2	2.0	1	2048	0.0384	-0.4857	0.4099
2	2.0	2	32	0.2242	-0.5291	0.3803
2	2.0	2	64	0.1632	-0.5291	0.3803
2	2.0	2	128	0.1138	-0.5291	0.3803
2	2.0	2	256	0.0821	-0.5291	0.3803
2	2.0	2	512	0.0547	-0.5291	0.3803
2	2.0	2	1024	0.0364	-0.5291	0.3803
2	2.0	2	2048	0.0254	-0.5291	0.3803
2	2.0	3	32	0.1953	-0.5093	0.1488
2	2.0	3	64	0.1406	-0.5093	0.1488
2	2.0	3	128	0.0984	-0.5093	0.1488
2	2.0	3	256	0.0696	-0.5093	0.1488
2	2.0	3	512	0.0484	-0.5093	0.1488
2	2.0	3	1024	0.0346	-0.5093	0.1488
2	2.0	3	2048	0.0234	-0.5093	0.1488
2	2.0	4	32	0.1885	-0.4880	-0.0308
2	2.0	4	64	0.1164	-0.4880	-0.0308
2	2.0	4	128	0.0926	-0.4880	-0.0308
2	2.0	4	256	0.0658	-0.4880	-0.0308
2	2.0	4	512	0.0459	-0.4880	-0.0308
2	2.0	4	1024	0.0336	-0.4880	-0.0308
2	2.0	4	2048	0.0232	-0.4880	-0.0308
2	2.0	5	32	0.1824	-0.5010	0.0020
2	2.0	5	64	0.1218	-0.5010	0.0020
2	2.0	5	128	0.0849	-0.5010	0.0020
2	2.0	5	256	0.0628	-0.5010	0.0020
2	2.0	5	512	0.0448	-0.5010	0.0020
2	2.0	5	1024	0.0315	-0.5010	0.0020
2	2.0	5	2048	0.0217	-0.5010	0.0020
2	2.0	6	32	0.1827	-0.5017	-0.0100
2	2.0	6	64	0.1158	-0.5017	-0.0100
2	2.0	6	128	0.0873	-0.5017	-0.0100
2	2.0	6	256	0.0607	-0.5017	-0.0100
2	2.0	6	512	0.0434	-0.5017	-0.0100
2	2.0	6	1024	0.0309	-0.5017	-0.0100
2	2.0	6	2048	0.0217	-0.5017	-0.0100
2	2.0	7	32	0.1763	-0.5008	-0.0039
2	2.0	7	64	0.1258	-0.5008	-0.0039
2	2.0	7	128	0.0850	-0.5008	-0.0039
2	2.0	7	256	0.0611	-0.5008	-0.0039
2	2.0	7	512	0.0448	-0.5008	-0.0039
2	2.0	7	1024	0.0318	-0.5008	-0.0039
2	2.0	7	2048	0.0214	-0.5008	-0.0039
2	2.0	8	32	0.1856	-0.5110	0.0113
2	2.0	8	64	0.1138	-0.5110	0.0113
2	2.0	8	128	0.0836	-0.5110	0.0113
2	2.0	8	256	0.0559	-0.5110	0.0113
2	2.0	8	512	0.0422	-0.5110	0.0113
2	2.0	8	1024	0.0311	-0.5110	0.0113
2	2.0	8	2048	0.0203	-0.5110	0.0113
2	2.0	9	32	0.1778	-0.5124	0.0344
2	2.0	9	64	0.1238	-0.5124	0.0344
2	2.0	9	128	0.0856	-0.5124	0.0344
2	2.0	9	256	0.0572	-0.5124	0.0344
2	2.0	9	512	0.0435	-0.5124	0.0344
2	2.0	9	1024	0.0298	-0.5124	0.0344
2	2.0	9	2048	0.0209	-0.5124	0.0344
2	2.0	10	32	0.1831	-0.5143	0.0448
2	2.0	10	64	0.1184	-0.5143	0.0448
2	2.0	10	128	0.0863	-0.5143	0.0448
2	2.0	10	256	0.0589	-0.5143	0.0448
2	2.0	10	512	0.0421	-0.5143	0.0448
2	2.0	10	1024	0.0307	-0.5143	0.0448
2	2.0	10	2048	0.0205	-0.5143	0.0448
3	0.5	1	32	0.3317	-0.5176	0.6843
3	0.5	1	64	0.2239	-0.5176	0.6843
3	0.5	1	128	0.1653	-0.5176	0.6843
3	0.5	1	256	0.1142	-0.5176	0.6843
3	0.5	1	512	0.0767	-0.5176	0.6843
3	0.5	1	1024	0.0548	-0.5176	0.6843
3	0.5	1	2048	0.0385	-0.5176	0.6843
3	0.5	2	32	0.2862	-0.5211	0.5275
3	0.5	2	64	0.1923	-0.5211	0.5275
3	0.5	2	128	0.1305	-0.5211	0.5275
3	0.5	2	256	0.0935	-0.5211	0.5275
3	0.5	2	512	0.0667	-0.5211	0.5275
3	0.5	2	1024	0.0463	-0.5211	0.5275
3	0.5	2	2048	0.0317	-0.5211	0.5275
3	0.5	3	32	0.2983	-0.5121	0.5313
3	0.5	3	64	0.2012	-0.5121	0.5313
3	0.5	3	128	0.1390	-0.5121	0.5313
3	0.5	3	256	0.0971	-0.5121	0.5313
3	0.5	3	512	0.0685	-0.5121	0.5313
3	0.5	3	1024	0.0491	-0.5121	0.5313
3	0.5	3	2048	0.0352	-0.5121	0.5313
3	0.5	4	32	0.3336	-0.5283	0.6961
3	0.5	4	64	0.2211	-0.5283	0.6961
3	0.5	4	128	0.1475	-0.5283	0.6961
3	0.5	4	256	0.1067	-0.5283	0.6961
3	0.5	4	512	0.0742	-0.5283	0.6961
3	0.5	4	1024	0.0524	-0.5283	0.6961
3	0.5	4	2048	0.0359	-0.5283	0.6961
3	0.5	5	32	0.3395	-0.5226	0.7147
3	0.5	5	64	0.2355	-0.5226	0.7147
3	0.5	5	128	0.1605	-0.5226	0.7147
3	0.5	5	256	0.1098	-0.5226	0.7147
3	0.5	5	512	0.0760	-0.5226	0.7147
3	0.5	5	1024	0.0555	-0.5226	0.7147
3	0.5	5	2048	0.0389	-0.5226	0.7147
3	0.5	6	32	0.3866	-0.5265	0.8198
3	0.5	6	64	0.2494	-0.5265	0.8198
3	0.5	6	128	0.1688	-0.5265	0.8198
3	0.5	6	256	0.1212	-0.5265	0.8198
3	0.5	6	512	0.0837	-0.5265	0.8198
3	0.5	6	1024	0.0596	-0.5265	0.8198
3	0.5	6	2048	0.0421	-0.5265	0.8198
3	0.5	7	32	0.3973	-0.5285	0.8745
3	0.5	7	64	0.2760	-0.5285	0.8745
3	0.5	7	128	0.1724	-0.5285	0.8745
3	0.5	7	256	0.1231	-0.5285	0.8745
3	0.5	7	512	0.0883	-0.5285	0.8745
3	0.5	7	1024	0.0619	-0.5285	0.8745
3	0.5	7	2048	0.0440	-0.5285	0.8745
3	0.5	8	32	0.4224	-0.5283	0.9307
3	0.5	8	64	0.2803	-0.5283	0.9307
3	0.5	8	128	0.1923	-0.5283	0.9307
3	0.5	8	256	0.1304	-0.5283	0.9307
3	0.5	8	512	0.0928	-0.5283	0.9307
3	0.5	8	1024	0.0651	-0.5283	0.9307
3	0.5	8	2048	0.0467	-0.5283	0.9307
3	0.5	9	32	0.4504	-0.5341	1.0229
3	0.5	9	64	0.3056	-0.5341	1.0229
3	0.5	9	128	0.2017	-0.5341	1.0229
3	0.5	9	256	0.1391	-0.5341	1.0229
3	0.5	9	512	0.0976	-0.5341	1.0229
3	0.5	9	1024	0.0696	-0.5341	1.0229
3	0.5	9	2048	0.0486	-0.5341	1.0229
3	0.5	10	32	0.4771	-0.5334	1.0542
3	0.5	10	64	0.3079	-0.5334	1.0542
3	0.5	10	128	0.2077	-0.5334	1.0542
3	0.5	10	256	0.1468	-0.5334	1.0542
3	0.5	10	512	0.1001	-0.5334	1.0542
3	0.5	10	1024	0.0709	-0.5334	1.0542
3	0.5	10	2048	0.0514	-0.5334	1.0542
3	1.0	1	32	0.3155	-0.5128	0.6080
3	1.0	1	64	0.2132	-0.5128	0.6080
3	1.0	1	128	0.1555	-0.5128	0.6080
3	1.0	1	256	0.1070	-0.5128	0.6080
3	1.0	1	512	0.0721	-0.5128	0.6080
3	1.0	1	1024	0.0531	-0.5128	0.6080
3	1.0	1	2048	0.0373	-0.5128	0.6080
3	1.0	2	32	0.2488	-0.5296	0.4217
3	1.0	2	64	0.1679	-0.5296	0.4217
3	1.0	2	128	0.1131	-0.5296	0.4217
3	1.0	2	256	0.0791	-0.5296	0.4217
3	1.0	2	512	0.0584	-0.5296	0.4217
3	1.0	2	1024	0.0384	-0.5296	0.4217
3	1.0	2	2048	0.0270	-0.5296	0.4217
3	1.0	3	32	0.2549	-0.5658	0.5300
3	1.0	3	64	0.1599	-0.5658	0.5300
3	1.0	3	128	0.1058	-0.5658	0.5300
3	1.0	3	256	0.0711	-0.5658	0.5300
3	1.0	3	512	0.0483	-0.5658	0.5300
3	1.0	3	1024	0.0322	-0.5658	0.5300
3	1.0	3	2048	0.0248	-0.5658	0.5300
3	1.0	4	32	0.2686	-0.5905	0.6648
3	1.0	4	64	0.1662	-0.5905	0.6648
3	1.0	4	128	0.1039	-0.5905	0.6648
3	1.0	4	256	0.0717	-0.5905	0.6648
3	1.0	4	512	0.0477	-0.5905	0.6648
3	1.0	4	1024	0.0326	-0.5905	0.6648
3	1.0	4	2048	0.0226	-0.5905	0.6648
3	1.0	5	32	0.2693	-0.6120	0.7975
3	1.0	5	64	0.1762	-0.6120	0.7975
3	1.0	5	128	0.1135	-0.6120	0.7975
3	1.0	5	256	0.0730	-0.6120	0.7975
3	1.0	5	512	0.0476	-0.6120	0.7975
3	1.0	5	1024	0.0318	-0.6120	0.7975
3	1.0	5	2048	0.0215	-0.6120	0.7975
3	1.0	6	32	0.2834	-0.6304	0.8988
3	1.0	6	64	0.1814	-0.6304	0.8988
3	1.0	6	128	0.1074	-0.6304	0.8988
3	1.0	6	256	0.0745	-0.6304	0.8988
3	1.0	6	512	0.0493	-0.6304	0.8988
3	1.0	6	1024	0.0313	-0.6304	0.8988
3	1.0	6	2048	0.0201	-0.6304	0.8988
3	1.0	7	32	0.3104	-0.6446	1.0309
3	1.0	7	64	0.1875	-0.6446	1.0309
3	1.0	7	128	0.1201	-0.6446	1.0309
3	1.0	7	256	0.0807	-0.6446	1.0309
3	1.0	7	512	0.0479	-0.6446	1.0309
3	1.0	7	1024	0.0333	-0.6446	1.0309
3	1.0	7	2048	0.0206	-0.6446	1.0309
3	1.0	8	32	0.3230	-0.6631	1.1359
3	1.0	8	64	0.1997	-0.6631	1.1359
3	1.0	8	128	0.1161	-0.6631	1.1359
3	1.0	8	256	0.0800	-0.6631	1.1359
3	1.0	8	512	0.0490	-0.6631	1.1359
3	1.0	8	1024	0.0323	-0.6631	1.1359
3	1.0	8	2048	0.0199	-0.6631	1.1359
3	1.0	9	32	0.3496	-0.6705	1.2566
3	1.0	9	64	0.2196	-0.6705	1.2566
3	1.0	9	128	0.1344	-0.6705	1.2566
3	1.0	9	256	0.0832	-0.6705	1.2566
3	1.0	9	512	0.0524	-0.6705	1.2566
3	1.0	9	1024	0.0333	-0.6705	1.2566
3	1.0	9	2048	0.0220	-0.6705	1.2566
3	1.0	10	32	0.3665	-0.6690	1.2558
3	1.0	10	64	0.2135	-0.6690	1.2558
3	1.0	10	128	0.1301	-0.6690	1.2558
3	1.0	10	256	0.0853	-0.6690	1.2558
3	1.0	10	512	0.0538	-0.6690	1.2558
3	1.0	10	1024	0.0330	-0.6690	1.2558
3	1.0	10	2048	0.0225	-0.6690	1.2558
3	1.5	1	32	0.2957	-0.5019	0.5623
3	1.5	1	64	0.2186	-0.5019	0.5623
3	1.5	1	128	0.1559	-0.5019	0.5623
3	1.5	1	256	0.1147	-0.5019	0.5623
3	1.5	1	512	0.0769	-0.5019	0.5623
3	1.5	1	1024	0.0540	-0.5019	0.5623
3	1.5	1	2048	0.0370	-0.5019	0.5623
3	1.5	2	32	0.2403	-0.5040	0.3060
3	1.5	2	64	0.1644	-0.5040	0.3060
3	1.5	2	128	0.1156	-0.5040	0.3060
3	1.5	2	256	0.0838	-0.5040	0.3060
3	1.5	2	512	0.0596	-0.5040	0.3060
3	1.5	2	1024	0.0413	-0.5040	0.3060
3	1.5	2	2048	0.0289	-0.5040	0.3060
3	1.5	3	32	0.2263	-0.5276	0.3375
3	1.5	3	64	0.1577	-0.5276	0.3375
3	1.5	3	128	0.1079	-0.5276	0.3375
3	1.5	3	256	0.0731	-0.5276	0.3375
3	1.5	3	512	0.0530	-0.5276	0.3375
3	1.5	3	1024	0.0358	-0.5276	0.3375
3	1.5	3	2048	0.0254	-0.5276	0.3375
3	1.5	4	32	0.2383	-0.5416	0.3830
3	1.5	4	64	0.1583	-0.5416	0.3830
3	1.5	4	128	0.0996	-0.5416	0.3830
3	1.5	4	256	0.0688	-0.5416	0.3830
3	1.5	4	512	0.0481	-0.5416	0.3830
3	1.5	4	1024	0.0345	-0.5416	0.3830
3	1.5	4	2048	0.0252	-0.5416	0.3830
3	1.5	5	32	0.2454	-0.5427	0.3899
3	1.5	5	64	0.1506	-0.5427	0.3899
3	1.5	5	128	0.1031	-0.5427	0.3899
3	1.5	5	256	0.0669	-0.5427	0.3899
3	1.5	5	512	0.0499	-0.5427	0.3899
3	1.5	5	1024	0.0339	-0.5427	0.3899
3	1.5	5	2048	0.0253	-0.5427	0.3899
3	1.5	6	32	0.2549	-0.5737	0.5409
3	1.5	6	64	0.1546	-0.5737	0.5409
3	1.5	6	128	0.1025	-0.5737	0.5409
3	1.5	6	256	0.0658	-0.5737	0.5409
3	1.5	6	512	0.0472	-0.5737	0.5409
3	1.5	6	1024	0.0335	-0.5737	0.5409
3	1.5	6	2048	0.0224	-0.5737	0.5409
3	1.5	7	32	0.2612	-0.5738	0.5329
3	1.5	7	64	0.1586	-0.5738	0.5329
3	1.5	7	128	0.0966	-0.5738	0.5329
3	1.5	7	256	0.0644	-0.5738	0.5329
3	1.5	7	512	0.0450	-0.5738	0.5329
3	1.5	7	1024	0.0318	-0.5738	0.5329
3	1.5	7	2048	0.0240	-0.5738	0.5329
3	1.5	8	32	0.2833	-0.6098	0.7388
3	1.5	8	64	0.1674	-0.6098	0.7388
3	1.5	8	128	0.1037	-0.6098	0.7388
3	1.5	8	256	0.0626	-0.6098	0.7388
3	1.5	8	512	0.0430	-0.6098	0.7388
3	1.5	8	1024	0.0305	-0.6098	0.7388
3	1.5	8	2048	0.0229	-0.6098	0.7388
3	1.5	9	32	0.2905	-0.6137	0.7790
3	1.5	9	64	0.1723	-0.6137	0.7790
3	1.5	9	128	0.1018	-0.6137	0.7790
3	1.5	9	256	0.0652	-0.6137	0.7790
3	1.5	9	512	0.0457	-0.6137	0.7790
3	1.5	9	1024	0.0305	-0.6137	0.7790
3	1.5	9	2048	0.0227	-0.6137	0.7790
3	1.5	10	32	0.3271	-0.6507	1.0060
3	1.5	10	64	0.1818	-0.6507	1.0060
3	1.5	10	128	0.1073	-0.6507	1.0060
3	1.5	10	256	0.0670	-0.6507	1.0060
3	1.5	10	512	0.0442	-0.6507	1.0060
3	1.5	10	1024	0.0298	-0.6507	1.0060
3	1.5	10	2048	0.0218	-0.6507	1.0060
3	2.0	1	32	0.3260	-0.5094	0.6216
3	2.0	1	64	0.2225	-0.5094	0.6216
3	2.0	1	128	0.1572	-0.5094	0.6216
3	2.0	1	256	0.1083	-0.5094	0.6216
3	2.0	1	512	0.0758	-0.5094	0.6216
3	2.0	1	1024	0.0544	-0.5094	0.6216
3	2.0	1	2048	0.0394	-0.5094	0.6216
3	2.0	2	32	0.2602	-0.5005	0.3381
3	2.0	2	64	0.1708	-0.5005	0.3381
3	2.0	2	128	0.1237	-0.5005	0.3381
3	2.0	2	256	0.0833	-0.5005	0.3381
3	2.0	2	512	0.0605	-0.5005	0.3381
3	2.0	2	1024	0.0438	-0.5005	0.3381
3	2.0	2	2048	0.0321	-0.5005	0.3381
3	2.0	3	32	0.2428	-0.5014	0.2397
3	2.0	3	64	0.1509	-0.5014	0.2397
3	2.0	3	128	0.1089	-0.5014	0.2397
3	2.0	3	256	0.0767	-0.5014	0.2397
3	2.0	3	512	0.0528	-0.5014	0.2397
3	2.0	3	1024	0.0400	-0.5014	0.2397
3	2.0	3	2048	0.0292	-0.5014	0.2397
3	2.0	4	32	0.2357	-0.5022	0.2269
3	2.0	4	64	0.1537	-0.5022	0.2269
3	2.0	4	128	0.1054	-0.5022	0.2269
3	2.0	4	256	0.0750	-0.5022	0.2269
3	2.0	4	512	0.0533	-0.5022	0.2269
3	2.0	4	1024	0.0368	-0.5022	0.2269
3	2.0	4	2048	0.0298	-0.5022	0.2269
3	2.0	5	32	0.2321	-0.5054	0.2210
3	2.0	5	64	0.1555	-0.5054	0.2210
3	2.0	5	128	0.1042	-0.5054	0.2210
3	2.0	5	256	0.0684	-0.5054	0.2210
3	2.0	5	512	0.0508	-0.5054	0.2210
3	2.0	5	1024	0.0377	-0.5054	0.2210
3	2.0	5	2048	0.0288	-0.5054	0.2210
3	2.0	6	32	0.2440	-0.5166	0.2748
3	2.0	6	64	0.1539	-0.5166	0.2748
3	2.0	6	128	0.0977	-0.5166	0.2748
3	2.0	6	256	0.0699	-0.5166	0.2748
3	2.0	6	512	0.0503	-0.5166	0.2748
3	2.0	6	1024	0.0380	-0.5166	0.2748
3	2.0	6	2048	0.0274	-0.5166	0.2748
3	2.0	7	32	0.2643	-0.5276	0.3365
3	2.0	7	64	0.1493	-0.5276	0.3365
3	2.0	7	128	0.1033	-0.5276	0.3365
3	2.0	7	256	0.0652	-0.5276	0.3365
3	2.0	7	512	0.0493	-0.5276	0.3365
3	2.0	7	1024	0.0353	-0.5276	0.3365
3	2.0	7	2048	0.0291	-0.5276	0.3365
3	2.0	8	32	0.2630	-0.5347	0.3771
3	2.0	8	64	0.1547	-0.5347	0.3771
3	2.0	8	128	0.1018	-0.5347	0.3771
3	2.0	8	256	0.0668	-0.5347	0.3771
3	2.0	8	512	0.0492	-0.5347	0.3771
3	2.0	8	1024	0.0352	-0.5347	0.3771
3	2.0	8	2048	0.0283	-0.5347	0.3771
3	2.0	9	32	0.2655	-0.5300	0.3542
3	2.0	9	64	0.1498	-0.5300	0.3542
3	2.0	9	128	0.1012	-0.5300	0.3542
3	2.0	9	256	0.0675	-0.5300	0.3542
3	2.0	9	512	0.0506	-0.5300	0.3542
3	2.0	9	1024	0.0360	-0.5300	0.3542
3	2.0	9	2048	0.0281	-0.5300	0.3542
3	2.0	10	32	0.3005	-0.5640	0.5508
3	2.0	10	64	0.1622	-0.5640	0.5508
3	2.0	10	128	0.0988	-0.5640	0.5508
3	2.0	10	256	0.0650	-0.5640	0.5508
3	2.0	10	512	0.0478	-0.5640	0.5508
3	2.0	10	1024	0.0364	-0.5640	0.5508
3	2.0	10	2048	0.0270	-0.5640	0.5508
4	0.5	1	32	0.4114	-0.4593	0.6568
4	0.5	1	64	0.2910	-0.4593	0.6568
4	0.5	1	128	0.2017	-0.4593	0.6568
4	0.5	1	256	0.1418	-0.4593	0.6568
4	0.5	1	512	0.1071	-0.4593	0.6568
4	0.5	1	1024	0.0785	-0.4593	0.6568
4	0.5	1	2048	0.0623	-0.4593	0.6568
4	0.5	2	32	0.4049	-0.4232	0.5363
4	0.5	2	64	0.2952	-0.4232	0.5363
4	0.5	2	128	0.2147	-0.4232	0.5363
4	0.5	2	256	0.1597	-0.4232	0.5363
4	0.5	2	512	0.1200	-0.4232	0.5363
4	0.5	2	1024	0.0920	-0.4232	0.5363
4	0.5	2	2048	0.0692	-0.4232	0.5363
4	0.5	3	32	0.4457	-0.4126	0.5850
4	0.5	3	64	0.3293	-0.4126	0.5850
4	0.5	3	128	0.2334	-0.4126	0.5850
4	0.5	3	256	0.1738	-0.4126	0.5850
4	0.5	3	512	0.1355	-0.4126	0.5850
4	0.5	3	1024	0.1020	-0.4126	0.5850
4	0.5	3	2048	0.0809	-0.4126	0.5850
4	0.5	4	32	0.5093	-0.4188	0.7182
4	0.5	4	64	0.3493	-0.4188	0.7182
4	0.5	4	128	0.2618	-0.4188	0.7182
4	0.5	4	256	0.1953	-0.4188	0.7182
4	0.5	4	512	0.1488	-0.4188	0.7182
4	0.5	4	1024	0.1127	-0.4188	0.7182
4	0.5	4	2048	0.0870	-0.4188	0.7182
4	0.5	5	32	0.5416	-0.4162	0.7906
4	0.5	5	64	0.3932	-0.4162	0.7906
4	0.5	5	128	0.2844	-0.4162	0.7906
4	0.5	5	256	0.2107	-0.4162	0.7906
4	0.5	5	512	0.1628	-0.4162	0.7906
4	0.5	5	1024	0.1220	-0.4162	0.7906
4	0.5	5	2048	0.0964	-0.4162	0.7906
4	0.5	6	32	0.5844	-0.4165	0.8528
4	0.5	6	64	0.4044	-0.4165	0.8528
4	0.5	6	128	0.3034	-0.4165	0.8528
4	0.5	6	256	0.2266	-0.4165	0.8528
4	0.5	6	512	0.1742	-0.4165	0.8528
4	0.5	6	1024	0.1302	-0.4165	0.8528
4	0.5	6	2048	0.1012	-0.4165	0.8528
4	0.5	7	32	0.6219	-0.4228	0.9503
4	0.5	7	64	0.4413	-0.4228	0.9503
4	0.5	7	128	0.3217	-0.4228	0.9503
4	0.5	7	256	0.2451	-0.4228	0.9503
4	0.5	7	512	0.1817	-0.4228	0.9503
4	0.5	7	1024	0.1393	-0.4228	0.9503
4	0.5	7	2048	0.1053	-0.4228	0.9503
4	0.5	8	32	0.6473	-0.4241	1.0039
4	0.5	8	64	0.4712	-0.4241	1.0039
4	0.5	8	128	0.3416	-0.4241	1.0039
4	0.5	8	256	0.2505	-0.4241	1.0039
4	0.5	8	512	0.1900	-0.4241	1.0039
4	0.5	8	1024	0.1444	-0.4241	1.0039
4	0.5	8	2048	0.1114	-0.4241	1.0039
4	0.5	9	32	0.6890	-0.4256	1.0620
4	0.5	9	64	0.4886	-0.4256	1.0620
4	0.5	9	128	0.3568	-0.4256	1.0620
4	0.5	9	256	0.2674	-0.4256	1.0620
4	0.5	9	512	0.2007	-0.4256	1.0620
4	0.5	9	1024	0.1506	-0.4256	1.0620
4	0.5	9	2048	0.1165	-0.4256	1.0620
4	0.5	10	32	0.7103	-0.4223	1.0863
4	0.5	10	64	0.5164	-0.4223	1.0863
4	0.5	10	128	0.3722	-0.4223	1.0863
4	0.5	10	256	0.2747	-0.4223	1.0863
4	0.5	10	512	0.2071	-0.4223	1.0863
4	0.5	10	1024	0.1599	-0.4223	1.0863
4	0.5	10	2048	0.1228	-0.4223	1.0863
4	1.0	1	32	0.3728	-0.5164	0.7471
4	1.0	1	64	0.2421	-0.5164	0.7471
4	1.0	1	128	0.1601	-0.5164	0.7471
4	1.0	1	256	0.1204	-0.5164	0.7471
4	1.0	1	512	0.0855	-0.5164	0.7471
4	1.0	1	1024	0.0600	-0.5164	0.7471
4	1.0	1	2048	0.0412	-0.5164	0.7471
4	1.0	2	32	0.3268	-0.5301	0.6927
4	1.0	2	64	0.2233	-0.5301	0.6927
4	1.0	2	128	0.1522	-0.5301	0.6927
4	1.0	2	256	0.0988	-0.5301	0.6927
4	1.0	2	512	0.0709	-0.5301	0.6927
4	1.0	2	1024	0.0538	-0.5301	0.6927
4	1.0	2	2048	0.0353	-0.5301	0.6927
4	1.0	3	32	0.3404	-0.5396	0.7549
4	1.0	3	64	0.2241	-0.5396	0.7549
4	1.0	3	128	0.1527	-0.5396	0.7549
4	1.0	3	256	0.1052	-0.5396	0.7549
4	1.0	3	512	0.0718	-0.5396	0.7549
4	1.0	3	1024	0.0487	-0.5396	0.7549
4	1.0	3	2048	0.0369	-0.5396	0.7549
4	1.0	4	32	0.3961	-0.5663	0.9813
4	1.0	4	64	0.2446	-0.5663	0.9813
4	1.0	4	128	0.1657	-0.5663	0.9813
4	1.0	4	256	0.1172	-0.5663	0.9813
4	1.0	4	512	0.0749	-0.5663	0.9813
4	1.0	4	1024	0.0526	-0.5663	0.9813
4	1.0	4	2048	0.0369	-0.5663	0.9813
4	1.0	5	32	0.4106	-0.5634	1.0538
4	1.0	5	64	0.2785	-0.5634	1.0538
4	1.0	5	128	0.1853	-0.5634	1.0538
4	1.0	5	256	0.1204	-0.5634	1.0538
4	1.0	5	512	0.0866	-0.5634	1.0538
4	1.0	5	1024	0.0591	-0.5634	1.0538
4	1.0	5	2048	0.0388	-0.5634	1.0538
4	1.0	6	32	0.4351	-0.5717	1.1552
4	1.0	6	64	0.2905	-0.5717	1.1552
4	1.0	6	128	0.1984	-0.5717	1.1552
4	1.0	6	256	0.1325	-0.5717	1.1552
4	1.0	6	512	0.0952	-0.5717	1.1552
4	1.0	6	1024	0.0604	-0.5717	1.1552
4	1.0	6	2048	0.0392	-0.5717	1.1552
4	1.0	7	32	0.4862	-0.5752	1.2296
4	1.0	7	64	0.3034	-0.5752	1.2296
4	1.0	7	128	0.2033	-0.5752	1.2296
4	1.0	7	256	0.1392	-0.5752	1.2296
4	1.0	7	512	0.0976	-0.5752	1.2296
4	1.0	7	1024	0.0631	-0.5752	1.2296
4	1.0	7	2048	0.0428	-0.5752	1.2296
4	1.0	8	32	0.5057	-0.5692	1.2792
4	1.0	8	64	0.3344	-0.5692	1.2792
4	1.0	8	128	0.2235	-0.5692	1.2792
4	1.0	8	256	0.1543	-0.5692	1.2792
4	1.0	8	512	0.1036	-0.5692	1.2792
4	1.0	8	1024	0.0696	-0.5692	1.2792
4	1.0	8	2048	0.0468	-0.5692	1.2792
4	1.0	9	32	0.5422	-0.5750	1.3518
4	1.0	9	64	0.3607	-0.5750	1.3518
4	1.0	9	128	0.2270	-0.5750	1.3518
4	1.0	9	256	0.1557	-0.5750	1.3518
4	1.0	9	512	0.1067	-0.5750	1.3518
4	1.0	9	1024	0.0700	-0.5750	1.3518
4	1.0	9	2048	0.0504	-0.5750	1.3518
4	1.0	10	32	0.5810	-0.5816	1.4340
4	1.0	10	64	0.3732	-0.5816	1.4340
4	1.0	10	128	0.2447	-0.5816	1.4340
4	1.0	10	256	0.1616	-0.5816	1.4340
4	1.0	10	512	0.1082	-0.5816	1.4340
4	1.0	10	1024	0.0751	-0.5816	1.4340
4	1.0	10	2048	0.0516	-0.5816	1.4340
4	1.5	1	32	0.3582	-0.5007	0.6391
4	1.5	1	64	0.2257	-0.5007	0.6391
4	1.5	1	128	0.1616	-0.5007	0.6391
4	1.5	1	256	0.1170	-0.5007	0.6391
4	1.5	1	512	0.0832	-0.5007	0.6391
4	1.5	1	1024	0.0572	-0.5007	0.6391
4	1.5	1	2048	0.0438	-0.5007	0.6391
4	1.5	2	32	0.2990	-0.5425	0.6551
4	1.5	2	64	0.2019	-0.5425	0.6551
4	1.5	2	128	0.1381	-0.5425	0.6551
4	1.5	2	256	0.0962	-0.5425	0.6551
4	1.5	2	512	0.0606	-0.5425	0.6551
4	1.5	2	1024	0.0454	-0.5425	0.6551
4	1.5	2	2048	0.0318	-0.5425	0.6551
4	1.5	3	32	0.3097	-0.5804	0.8355
4	1.5	3	64	0.2078	-0.5804	0.8355
4	1.5	3	128	0.1377	-0.5804	0.8355
4	1.5	3	256	0.0896	-0.5804	0.8355
4	1.5	3	512	0.0625	-0.5804	0.8355
4	1.5	3	1024	0.0418	-0.5804	0.8355
4	1.5	3	2048	0.0275	-0.5804	0.8355
4	1.5	4	32	0.3244	-0.5958	0.9041
4	1.5	4	64	0.2108	-0.5958	0.9041
4	1.5	4	128	0.1347	-0.5958	0.9041
4	1.5	4	256	0.0856	-0.5958	0.9041
4	1.5	4	512	0.0585	-0.5958	0.9041
4	1.5	4	1024	0.0400	-0.5958	0.9041
4	1.5	4	2048	0.0275	-0.5958	0.9041
4	1.5	5	32	0.3524	-0.6313	1.1236
4	1.5	5	64	0.2172	-0.6313	1.1236
4	1.5	5	128	0.1480	-0.6313	1.1236
4	1.5	5	256	0.0915	-0.6313	1.1236
4	1.5	5	512	0.0581	-0.6313	1.1236
4	1.5	5	1024	0.0384	-0.6313	1.1236
4	1.5	5	2048	0.0257	-0.6313	1.1236
4	1.5	6	32	0.3847	-0.6503	1.2572
4	1.5	6	64	0.2352	-0.6503	1.2572
4	1.5	6	128	0.1484	-0.6503	1.2572
4	1.5	6	256	0.0923	-0.6503	1.2572
4	1.5	6	512	0.0576	-0.6503	1.2572
4	1.5	6	1024	0.0389	-0.6503	1.2572
4	1.5	6	2048	0.0260	-0.6503	1.2572
4	1.5	7	32	0.4183	-0.6644	1.4090
4	1.5	7	64	0.2592	-0.6644	1.4090
4	1.5	7	128	0.1589	-0.6644	1.4090
4	1.5	7	256	0.1024	-0.6644	1.4090
4	1.5	7	512	0.0631	-0.6644	1.4090
4	1.5	7	1024	0.0416	-0.6644	1.4090
4	1.5	7	2048	0.0262	-0.6644	1.4090
4	1.5	8	32	0.4456	-0.6838	1.5246
4	1.5	8	64	0.2606	-0.6838	1.5246
4	1.5	8	128	0.1623	-0.6838	1.5246
4	1.5	8	256	0.1039	-0.6838	1.5246
4	1.5	8	512	0.0646	-0.6838	1.5246
4	1.5	8	1024	0.0401	-0.6838	1.5246
4	1.5	8	2048	0.0253	-0.6838	1.5246
4	1.5	9	32	0.4775	-0.6751	1.5751
4	1.5	9	64	0.2866	-0.6751	1.5751
4	1.5	9	128	0.1829	-0.6751	1.5751
4	1.5	9	256	0.1141	-0.6751	1.5751
4	1.5	9	512	0.0691	-0.6751	1.5751
4	1.5	9	1024	0.0450	-0.6751	1.5751
4	1.5	9	2048	0.0288	-0.6751	1.5751
4	1.5	10	32	0.4970	-0.7047	1.7470
4	1.5	10	64	0.3000	-0.7047	1.7470
4	1.5	10	128	0.1884	-0.7047	1.7470
4	1.5	10	256	0.1176	-0.7047	1.7470
4	1.5	10	512	0.0723	-0.7047	1.7470
4	1.5	10	1024	0.0436	-0.7047	1.7470
4	1.5	10	2048	0.0259	-0.7047	1.7470
4	2.0	1	32	0.3516	-0.4999	0.6658
4	2.0	1	64	0.2393	-0.4999	0.6658
4	2.0	1	128	0.1728	-0.4999	0.6658
4	2.0	1	256	0.1139	-0.4999	0.6658
4	2.0	1	512	0.0939	-0.4999	0.6658
4	2.0	1	1024	0.0586	-0.4999	0.6658
4	2.0	1	2048	0.0434	-0.4999	0.6658
4	2.0	2	32	0.2902	-0.5118	0.4910
4	2.0	2	64	0.1907	-0.5118	0.4910
4	2.0	2	128	0.1323	-0.5118	0.4910
4	2.0	2	256	0.0934	-0.5118	0.4910
4	2.0	2	512	0.0676	-0.5118	0.4910
4	2.0	2	1024	0.0471	-0.5118	0.4910
4	2.0	2	2048	0.0337	-0.5118	0.4910
4	2.0	3	32	0.3019	-0.5419	0.6078
4	2.0	3	64	0.1941	-0.5419	0.6078
4	2.0	3	128	0.1225	-0.5419	0.6078
4	2.0	3	256	0.0883	-0.5419	0.6078
4	2.0	3	512	0.0590	-0.5419	0.6078
4	2.0	3	1024	0.0452	-0.5419	0.6078
4	2.0	3	2048	0.0305	-0.5419	0.6078
4	2.0	4	32	0.3291	-0.5603	0.6970
4	2.0	4	64	0.1849	-0.5603	0.6970
4	2.0	4	128	0.1240	-0.5603	0.6970
4	2.0	4	256	0.0867	-0.5603	0.6970
4	2.0	4	512	0.0558	-0.5603	0.6970
4	2.0	4	1024	0.0419	-0.5603	0.6970
4	2.0	4	2048	0.0308	-0.5603	0.6970
4	2.0	5	32	0.3250	-0.5823	0.7970
4	2.0	5	64	0.2055	-0.5823	0.7970
4	2.0	5	128	0.1205	-0.5823	0.7970
4	2.0	5	256	0.0835	-0.5823	0.7970
4	2.0	5	512	0.0509	-0.5823	0.7970
4	2.0	5	1024	0.0389	-0.5823	0.7970
4	2.0	5	2048	0.0304	-0.5823	0.7970
4	2.0	6	32	0.3425	-0.6119	0.9738
4	2.0	6	64	0.2116	-0.6119	0.9738
4	2.0	6	128	0.1313	-0.6119	0.9738
4	2.0	6	256	0.0805	-0.6119	0.9738
4	2.0	6	512	0.0554	-0.6119	0.9738
4	2.0	6	1024	0.0380	-0.6119	0.9738
4	2.0	6	2048	0.0274	-0.6119	0.9738
4	2.0	7	32	0.3669	-0.6174	1.0357
4	2.0	7	64	0.2165	-0.6174	1.0357
4	2.0	7	128	0.1352	-0.6174	1.0357
4	2.0	7	256	0.0843	-0.6174	1.0357
4	2.0	7	512	0.0553	-0.6174	1.0357
4	2.0	7	1024	0.0377	-0.6174	1.0357
4	2.0	7	2048	0.0292	-0.6174	1.0357
4	2.0	8	32	0.4014	-0.6504	1.2445
4	2.0	8	64	0.2334	-0.6504	1.2445
4	2.0	8	128	0.1437	-0.6504	1.2445
4	2.0	8	256	0.0847	-0.6504	1.2445
4	2.0	8	512	0.0563	-0.6504	1.2445
4	2.0	8	1024	0.0363	-0.6504	1.2445
4	2.0	8	2048	0.0282	-0.6504	1.2445
4	2.0	9	32	0.4317	-0.6704	1.3928
4	2.0	9	64	0.2598	-0.6704	1.3928
4	2.0	9	128	0.1462	-0.6704	1.3928
4	2.0	9	256	0.0877	-0.6704	1.3928
4	2.0	9	512	0.0554	-0.6704	1.3928
4	2.0	9	1024	0.0388	-0.6704	1.3928
4	2.0	9	2048	0.0277	-0.6704	1.3928
4	2.0	10	32	0.4594	-0.6887	1.5209
4	2.0	10	64	0.2675	-0.6887	1.5209
4	2.0	10	128	0.1530	-0.6887	1.5209
4	2.0	10	256	0.0955	-0.6887	1.5209
4	2.0	10	512	0.0558	-0.6887	1.5209
4	2.0	10	1024	0.0370	-0.6887	1.5209
4	2.0	10	2048	0.0279	-0.6887	1.5209
